# Shake_1_1190619_1min_475.jpg
411 162 236 302 431 262 462 247 499 248 563 243 597 238 627 248 454 291 475 283 498 287 476 293 477 288 569 282 591 275 611 280 592 285 589 280 542 325 509 345 572 341 507 396 544 374 545 385 580 390 546 406 545 392
# Shake_1_1190619_1min_476.jpg
420 165 226 300 445 259 475 244 511 245 575 243 607 239 634 251 467 288 487 279 510 286 488 291 489 285 580 283 601 275 621 282 602 286 600 280 553 323 520 343 582 341 518 394 555 373 556 384 589 390 557 404 556 390
# Shake_1_1190619_1min_477.jpg
426 163 225 300 459 255 492 243 527 244 586 243 613 239 636 247 482 290 503 287 523 286 504 291 504 289 591 283 610 283 627 285 610 287 610 285 573 327 536 345 597 341 533 396 574 376 574 387 604 392 576 406 575 393
# Shake_1_1190619_1min_478.jpg
436 165 218 291 476 255 510 245 544 247 599 247 622 243 642 248 498 291 519 288 538 288 520 293 520 291 603 286 621 286 636 288 622 291 621 289 591 329 554 346 611 344 549 397 591 377 591 388 617 394 592 408 592 395
# Shake_1_1190619_1min_479.jpg
446 167 212 290 488 252 523 242 558 246 610 248 631 245 648 249 511 289 532 286 551 287 533 292 534 289 613 287 631 287 644 290 631 293 630 290 606 327 567 345 622 344 562 397 604 376 604 387 627 395 605 408 605 395
# Shake_1_1190619_1min_480.jpg
447 163 220 298 496 250 531 240 566 244 620 249 639 247 655 253 519 285 541 281 560 286 541 290 543 285 621 289 639 287 652 293 639 295 638 291 615 327 576 344 630 346 569 395 612 375 612 386 634 395 613 407 613 394
# Shake_1_1190619_1min_481.jpg
454 168 218 292 504 249 540 239 575 244 625 249 642 247 656 252 529 285 550 280 568 285 550 289 552 285 627 288 643 286 655 292 643 294 643 290 624 326 585 343 636 345 578 393 621 374 621 385 639 393 621 406 621 393
# Shake_1_1190619_1min_482.jpg
459 167 223 299 508 251 544 241 579 246 628 251 646 249 661 255 530 285 552 279 571 286 552 290 554 285 629 290 646 285 659 293 646 295 645 291 628 330 587 346 639 348 578 395 623 377 622 388 643 395 623 407 622 394
# Shake_1_1190619_1min_483.jpg
460 171 220 291 516 245 551 237 584 242 632 249 647 247 660 251 537 280 559 274 576 283 559 286 562 280 633 288 649 282 660 291 648 294 648 288 633 327 592 344 642 347 584 393 628 376 627 387 645 393 627 406 627 392
# Shake_1_1190619_1min_484.jpg
459 174 214 292 513 247 548 237 583 242 633 249 650 248 663 253 535 282 557 276 574 284 556 287 559 282 633 289 650 285 661 293 649 296 649 291 630 328 590 345 641 348 582 395 625 377 624 388 642 397 624 409 624 396
# Shake_1_1190619_1min_485.jpg
453 164 220 297 505 248 540 240 575 246 628 252 648 251 663 257 526 283 548 278 567 286 548 289 550 284 629 291 647 287 659 295 646 297 646 292 622 329 582 345 635 348 574 395 617 377 617 388 637 397 617 409 617 396
# Shake_1_1190619_1min_486.jpg
454 169 221 301 503 247 538 238 572 244 624 249 644 248 660 254 524 282 545 275 564 284 545 287 547 281 625 289 643 283 656 292 642 295 642 289 616 328 576 345 630 348 567 395 610 377 610 388 632 397 609 408 610 394
# Shake_1_1190619_1min_487.jpg
445 162 232 308 495 251 531 241 566 246 620 250 642 248 660 254 516 284 538 277 558 285 538 289 541 283 622 288 641 281 655 290 641 293 639 287 612 329 572 345 629 347 564 395 608 377 608 388 633 395 608 406 608 393
# Shake_1_1190619_1min_488.jpg
443 164 229 307 488 250 522 240 557 243 615 247 637 245 656 252 508 280 530 269 551 282 530 285 533 278 616 285 636 274 652 286 636 290 634 282 603 325 563 343 622 344 555 394 600 374 599 385 626 394 600 406 599 392
# Shake_1_1190619_1min_489.jpg
441 160 228 304 476 249 510 239 546 244 605 248 632 246 653 255 496 280 518 271 539 282 518 285 520 278 607 285 628 277 645 287 628 290 626 283 588 324 550 341 611 343 543 392 585 372 585 384 614 393 585 404 585 390
# Shake_1_1190619_1min_490.jpg
430 160 225 302 466 250 500 238 537 243 596 246 625 243 648 254 486 280 509 271 530 281 509 285 511 278 598 283 620 275 638 285 620 288 618 282 577 323 539 341 601 342 532 392 575 373 574 385 606 393 575 403 575 389
# Shake_1_1190619_1min_491.jpg
426 165 227 300 456 252 489 240 525 244 585 246 617 243 643 255 476 282 498 275 519 283 497 287 499 281 588 284 609 277 628 285 609 288 607 283 561 326 527 342 587 343 521 392 560 374 559 385 591 392 560 405 560 391
# Shake_1_1190619_1min_492.jpg
417 158 234 311 443 258 474 244 510 246 574 245 607 240 636 251 464 286 484 278 507 285 485 290 486 284 578 282 600 274 620 282 601 286 598 280 549 322 515 342 579 340 511 392 549 370 549 383 584 389 550 402 549 388
# Shake_1_1190619_1min_493.jpg
409 156 238 310 436 259 467 246 503 248 561 247 595 243 625 255 457 292 476 290 497 288 477 293 477 291 565 286 586 287 606 288 586 290 586 289 534 326 501 344 565 342 498 394 534 374 534 386 570 392 535 404 535 391
# Shake_1_1190619_1min_494.jpg
404 156 243 316 422 260 450 247 485 248 547 245 584 241 616 252 441 290 460 285 481 286 460 291 461 288 554 283 576 280 597 283 576 287 575 283 516 324 485 343 550 341 481 394 517 373 517 385 556 391 518 405 517 391
# Shake_1_1190619_1min_495.jpg
397 164 233 316 411 265 436 250 469 250 535 245 571 240 604 252 430 294 448 288 470 289 449 295 450 291 542 284 563 280 585 283 563 287 562 284 501 324 473 344 538 341 471 395 504 373 505 384 545 391 506 405 505 391
# Shake_1_1190619_1min_496.jpg
397 167 231 306 403 267 426 254 458 254 517 247 555 240 592 250 420 296 436 288 458 291 437 297 438 292 528 284 549 277 572 281 550 287 548 282 484 326 462 347 523 342 463 398 490 374 491 386 534 392 494 407 492 393
# Shake_1_1190619_1min_497.jpg
392 167 234 310 399 270 422 256 454 257 511 251 549 244 587 254 415 297 432 288 453 292 433 298 434 293 523 286 544 277 567 283 545 288 543 283 478 328 456 349 518 345 457 400 485 377 485 388 528 395 487 409 486 395
